0 1
10 12
20 22
30 33
40 43
50 53
60 66
70 78
80 88
90 99
100 109
110 119
120 129
130 140
140 150
150 160
160 170
170 181
180 191
190 201
200 212
210 222
220 232
230 242
240 252
250 263
260 274
270 285
280 295
290 305
300 315
310 326
320 337
330 347
340 357
350 368
360 378
370 388
380 398
390 409
400 419
410 430
420 440
430 450
440 460
450 470
460 480
470 490
480 500
490 511
500 521
510 531
520 542
530 553
540 564
550 575
560 586
570 596
580 606
590 616
600 627
610 637
620 648
630 658
640 668
650 678
660 688
670 700
680 711
690 722
700 734
710 745
720 756
730 766
740 776
750 786
760 796
770 806
780 816
790 826
800 836
810 847
820 857
830 867
840 877
850 888
860 899
870 909
880 919
890 929
900 939
910 950
920 960
930 970
940 980
950 990
960 1000
970 1010
980 1020
990 1031
