0 970
10 1058
20 1116
30 1148
40 1186
50 3164
60 3181
70 5589
80 5666
90 5693
100 6307
110 7543
120 7559
130 9436
140 10780
150 11432
160 11523
170 12103
180 13031
190 13073
200 13101
210 13622
220 15476
230 15524
240 16375
250 16807
260 16829
270 17246
280 17567
290 18388
300 20095
310 20488
320 20560
330 21052
340 21445
350 22525
360 23259
370 23474
380 23825
390 24074
400 24132
410 24243
420 24319
430 25663
440 26289
450 26585
460 26867
470 26905
480 27424
490 27947
500 29720
510 30353
520 31274
530 32002
540 33204
550 33792
560 33809
570 34350
580 35203
590 35723
600 36534
610 37216
620 38241
630 38533
640 38923
650 39661
660 39918
670 40431
680 40707
690 40962
700 41220
710 41936
720 42637
730 43116
740 43383
750 43603
760 43614
770 43862
780 44082
790 44422
800 44538
810 44715
820 45058
830 45648
840 45878
850 46149
860 46351
870 47336
880 47988
890 48116
900 48477
910 48593
920 48968
930 49382
940 50015
950 50543
960 51422
970 51956
980 52362
990 53035
