0 1.000000
1 1.000000
2 1.000000
3 1.000000
4 1.000000
5 1.000000
6 1.142857
7 2.125000
8 2.000000
9 1.900000
10 1.818182
11 1.750000
12 1.692308
13 8.928571
14 8.400000
15 8.062500
16 8.058824
17 7.722222
18 7.473684
19 7.150000
20 7.238095
21 6.954545
22 6.695652
23 6.541667
24 6.400000
25 6.807692
26 6.629630
27 6.428571
28 6.241379
29 6.133333
30 6.032258
31 6.062500
32 5.909091
33 5.823529
34 8.542857
35 8.333333
36 8.135135
37 7.947368
38 7.769231
39 8.025000
40 7.975610
41 7.857143
42 8.046512
43 7.886364
44 8.711111
45 8.543478
46 8.468085
47 8.437500
48 9.489796
49 9.320000
50 9.156863
51 9.019231
52 8.867925
53 8.722222
54 8.581818
55 8.535714
56 8.421053
57 8.396552
58 8.271186
59 8.150000
60 8.131148
61 8.016129
62 7.904762
63 7.859375
64 7.753846
65 7.696970
66 7.597015
67 7.500000
68 7.478261
69 7.385714
70 7.323944
71 13.402778
72 13.232877
73 13.081081
74 12.946667
75 12.815789
76 12.662338
77 12.525641
78 12.518987
79 12.375000
80 12.456790
81 12.317073
82 12.204819
83 12.107143
84 11.988235
85 11.860465
86 11.758621
87 11.670455
88 11.550562
89 11.488889
90 11.505495
91 11.391304
92 11.333333
93 11.223404
94 11.115789
95 11.104167
96 11.000000
97 10.897959
98 10.797980
99 10.730000
100 10.633663
101 10.676471
102 10.689320
103 10.596154
104 10.504762
105 10.415094
106 10.383178
107 10.305556
108 10.229358
109 10.145455
110 10.081081
111 10.116071
112 10.035398
113 9.964912
114 9.886957
115 9.810345
116 9.735043
117 9.669492
118 9.613445
119 9.583333
120 9.512397
121 9.442623
122 9.373984
123 9.306452
124 9.240000
125 9.174603
126 9.141732
127 9.078125
128 9.031008
129 9.023077
130 8.984733
131 8.954545
132 9.172932
133 9.119403
134 9.103704
135 9.044118
136 9.000000
137 8.956522
138 8.906475
139 8.864286
140 8.808511
141 8.838028
142 8.783217
143 8.798611
144 8.751724
145 8.732877
146 8.680272
147 8.628378
148 8.624161
149 8.573333
150 8.589404
151 8.539474
152 8.575163
153 8.525974
154 8.477419
155 8.519231
156 8.471338
157 8.436709
158 8.389937
159 8.381250
160 8.354037
161 8.308642
162 8.263804
163 8.347561
164 8.321212
165 8.566265
166 8.562874
167 8.517857
168 8.479290
169 8.470588
170 8.426901
171 8.383721
172 8.341040
173 8.413793
174 8.388571
175 8.369318
176 8.338983
177 8.325843
178 8.284916
179 8.244444
180 8.204420
181 8.175824
182 8.819672
183 8.777174
184 8.745946
185 8.881720
186 8.839572
187 8.808511
188 8.873016
189 8.836842
190 8.801047
191 8.765625
192 8.735751
193 8.695876
194 8.656410
195 8.632653
196 8.593909
197 8.686869
198 8.663317
199 8.645000
200 8.606965
201 8.594059
202 8.561576
203 8.524510
204 8.556098
205 8.601942
206 8.565217
207 8.528846
208 8.511962
209 8.485714
210 8.450237
211 8.415094
212 8.380282
213 8.355140
214 8.320930
215 8.287037
216 8.281106
217 8.252294
218 8.219178
219 8.186364
220 8.180995
221 8.148649
222 8.443946
223 8.410714
224 8.377778
225 8.345133
226 8.317181
227 8.285088
228 8.327511
229 8.295652
230 8.264069
231 8.232759
232 8.201717
233 8.209402
234 8.178723
235 8.148305
236 8.118143
237 8.088235
238 8.083682
239 8.054167
240 8.029046
241 8.000000
242 7.971193
243 7.942623
244 7.914286
245 7.890244
246 7.862348
247 7.846774
248 7.819277
249 7.792000
250 7.764940
251 7.738095
252 7.711462
253 7.696850
254 7.674510
255 7.656250
256 7.638132
257 7.612403
258 7.586873
259 7.561538
260 7.536398
261 7.515267
262 7.513308
263 7.488636
264 7.483019
265 7.458647
266 7.434457
267 7.410448
268 7.386617
269 7.362963
270 7.339483
271 7.334559
272 7.315018
273 7.332117
274 7.349091
275 7.326087
276 7.314079
277 7.291367
278 7.268817
279 7.250000
280 7.238434
281 7.219858
282 7.197880
283 7.176056
284 7.154386
285 7.139860
286 7.128920
287 7.118056
288 7.096886
289 7.079310
290 7.068729
291 7.047945
292 7.037543
293 7.027211
294 7.006780
295 7.040541
296 7.235690
297 7.214765
298 7.210702
299 7.190000
300 7.169435
301 7.149007
302 7.148515
303 7.131579
304 7.134426
305 7.150327
306 7.136808
307 7.129870
308 7.110032
309 7.103226
310 7.102894
311 7.083333
312 7.063898
313 7.044586
314 7.025397
315 7.006329
316 6.987382
317 6.990566
318 6.971787
319 6.953125
320 6.947040
321 6.934783
322 6.916409
323 6.898148
324 7.080000
325 7.061350
326 7.042813
327 7.024390
328 7.006079
329 6.987879
330 6.975831
331 6.957831
332 6.939940
333 6.922156
334 6.919403
335 6.901786
336 6.916914
337 6.908284
338 6.890855
339 6.876471
340 6.873900
341 6.900585
342 6.897959
343 6.880814
344 6.863768
345 6.869942
346 6.853026
347 6.836207
348 6.819484
349 6.802857
350 6.786325
351 6.772727
352 6.756374
353 6.742938
354 6.735211
355 6.792135
356 6.775910
357 6.768156
358 6.752089
359 6.755556
360 6.739612
361 6.773481
362 6.757576
363 6.741758
364 6.726027
365 6.811475
366 6.861035
367 6.845109
368 6.875339
369 6.864865
370 6.851752
371 6.836022
372 6.833780
373 6.818182
374 6.818667
375 6.803191
376 6.787798
377 6.775132
378 6.783641
379 6.768421
380 6.753281
381 6.738220
382 6.793734
383 6.778646
384 6.763636
385 6.756477
386 6.741602
387 6.744845
388 6.740360
389 6.728205
390 6.731458
391 6.716837
392 6.702290
393 6.687817
394 6.673418
395 6.676768
396 6.664987
397 6.650754
398 6.636591
399 6.622500
400 6.608479
401 6.594527
402 6.580645
403 6.566832
404 6.553086
405 6.539409
406 6.756757
407 6.742647
408 6.728606
409 6.760976
410 6.800487
411 6.786408
412 6.777240
413 6.763285
414 6.749398
415 6.740385
416 6.726619
417 6.712919
418 6.699284
419 6.692857
420 6.679335
421 6.675355
422 6.669031
423 6.655660
424 6.642353
425 6.640845
426 6.627635
427 6.616822
428 6.603730
429 6.597674
430 6.584687
431 6.571759
432 6.621247
433 6.608295
434 6.597701
435 6.660550
436 6.649886
437 6.639269
438 6.626424
439 6.627273
440 6.614512
441 6.601810
442 6.591422
443 6.578829
444 6.566292
445 6.697309
446 6.684564
447 6.671875
448 6.661470
449 6.651111
450 6.638581
451 6.626106
452 6.613687
453 6.601322
454 6.593407
455 6.581140
456 6.568928
457 6.556769
458 6.549020
459 6.536957
460 6.524946
461 6.515152
462 6.503240
463 6.532328
464 6.520430
465 6.508584
466 6.498929
467 6.489316
468 6.481876
469 6.470213
470 6.469214
471 6.457627
472 6.448203
473 6.451477
474 6.444211
475 6.432773
476 6.421384
477 6.410042
478 6.398747
479 6.387500
480 6.405405
481 6.400415
482 6.521739
483 6.512397
484 6.501031
485 6.489712
486 6.478439
487 6.475410
488 6.464213
489 6.453061
490 6.443992
491 6.432927
492 6.425963
493 6.421053
494 6.410101
495 6.403226
496 6.392354
497 6.387550
498 6.376754
499 6.366000
500 6.361277
501 6.352590
502 6.341948
503 6.333333
504 6.324752
505 6.314229
506 6.303748
507 6.299213
508 6.288802
509 6.278431
510 6.268102
511 6.267578
512 6.257310
513 6.247082
514 6.236893
515 6.226744
516 6.216634
517 6.212355
518 6.202312
519 6.192308
520 6.182342
521 6.239464
522 6.248566
523 6.238550
524 6.228571
525 6.220532
526 6.210626
527 6.214015
528 6.207940
529 6.216981
530 6.207156
531 6.229323
532 6.219512
533 6.209738
534 6.205607
535 6.207090
536 6.204842
537 6.208178
538 6.198516
539 6.188889
540 6.182994
541 6.173432
542 6.165746
543 6.156250
544 6.154128
545 6.144689
546 6.144424
547 6.135036
548 6.129326
549 6.120000
550 6.110708
551 6.103261
552 6.094033
553 6.090253
554 6.081081
555 6.086331
556 6.087971
557 6.078853
558 6.087657
559 6.078571
560 6.071301
561 6.069395
562 6.120782
563 6.118794
564 6.109735
565 6.102473
566 6.093474
567 6.084507
568 6.079086
569 6.070175
570 6.064799
571 6.068182
572 6.061082
573 6.229965
574 6.220870
575 6.215278
576 6.206239
577 6.217993
578 6.208981
579 6.200000
580 6.191050
581 6.182131
582 6.375643
583 6.366438
584 6.360684
585 6.351536
586 6.342419
587 6.348639
588 6.342954
589 6.335593
590 6.326565
591 6.319257
592 6.551433
593 6.553872
594 6.544538
595 6.536913
596 6.529313
597 6.520067
598 6.510851
599 6.503333
600 6.504160
601 6.509967
602 6.504146
603 6.495033
604 6.485950
605 6.478548
606 6.472817
607 6.463816
608 6.454844
609 6.445902
610 6.436989
611 6.428105
612 6.448613
613 6.441368
614 6.437398
615 6.428571
616 6.419773
617 6.415858
618 6.408724
619 6.403226
620 6.394525
621 6.385852
622 6.377207
623 6.370192
624 6.361600
625 6.353035
626 6.344498
627 6.340764
628 6.338633
629 6.330159
630 6.320127
631 6.311709
632 6.308057
633 6.299685
634 6.291339
635 6.301887
636 6.293564
637 6.289969
638 6.281690
639 6.296875
640 6.288612
641 6.280374
642 6.272162
643 6.267081
644 6.263566
645 6.255418
646 6.248841
647 6.240741
648 6.234206
649 6.230769
650 6.222734
651 6.219325
652 6.211332
653 6.203364
654 6.195420
655 6.193598
656 6.194825
657 6.186930
658 6.179059
659 6.186364
660 6.181543
661 6.178248
662 6.170437
663 6.162651
664 6.154887
665 6.147147
666 6.148426
667 6.142216
668 6.136024
669 6.128358
670 6.122206
671 6.114583
672 6.142645
673 6.136499
674 6.131852
675 6.128698
676 6.121123
677 6.119469
678 6.111929
679 6.105882
680 6.098385
681 6.090909
682 6.087848
683 6.080409
684 6.072993
685 6.077259
686 6.090247
687 6.193314
688 6.185776
689 6.178261
690 6.170767
691 6.163295
692 6.158730
693 6.151297
694 6.143885
695 6.136494
696 6.139168
697 6.131805
698 6.131617
699 6.124286
700 6.116976
701 6.111111
702 6.119488
703 6.126420
704 6.120567
705 6.121813
706 6.117397
707 6.120056
708 6.118477
709 6.114085
710 6.112518
711 6.112360
712 6.107994
713 6.103641
714 6.096503
715 6.089385
716 6.086471
717 6.080780
718 6.073713
719 6.076389
720 6.069348
721 6.065097
722 6.077455
723 6.070442
724 6.064828
725 6.061983
726 6.055021
727 6.068681
728 6.063100
729 6.060274
730 6.053352
731 6.049180
732 6.051842
733 6.044959
734 6.039456
735 6.032609
736 6.025780
737 6.020325
738 6.013532
739 6.113514
740 6.106613
741 6.101078
742 6.095559
743 6.088710
744 6.088591
745 6.081769
746 6.081660
747 6.076203
748 6.069426
749 6.066667
750 6.066578
751 6.061170
752 6.055777
753 6.050398
754 6.043709
755 6.037037
756 6.043593
757 6.039578
758 6.032938
759 6.032895
760 6.026281
761 6.019685
762 6.013106
763 6.010471
764 6.006536
765 6.000000
766 5.993481
767 5.988281
768 5.985696
769 5.983117
770 5.976654
771 5.970207
772 5.967658
773 5.971576
774 5.966452
775 5.960052
776 5.953668
777 5.947301
778 5.943517
779 5.937179
780 5.930858
781 5.927110
782 5.920817
783 5.915816
784 5.912102
785 5.905852
786 5.899619
787 5.906091
788 5.913815
789 5.907595
790 5.915297
791 5.926768
792 5.925599
793 5.924433
794 5.925786
795 5.920854
796 5.914680
797 5.919799
798 5.922403
799 5.916250
800 5.940075
801 5.938903
802 5.932752
803 5.945274
804 5.939130
805 5.945409
806 5.939281
807 5.936881
808 6.004944
809 5.998765
810 5.992602
811 5.986453
812 5.982780
813 5.977887
814 5.971779
815 5.965686
816 5.965728
817 5.959658
818 5.968254
819 5.962195
820 5.956151
821 5.950122
822 5.944107
823 5.938107
824 5.945455
825 5.939467
826 5.935913
827 5.929952
828 5.924005
829 5.918072
830 5.913357
831 5.947115
832 5.941176
833 6.087530
834 6.081437
835 6.075359
836 6.074074
837 6.068019
838 6.061979
839 6.055952
840 6.051130
841 6.045131
842 6.041518
843 6.037915
844 6.031953
845 6.026005
846 6.022432
847 6.018868
848 6.020024
849 6.014118
850 6.008226
851 6.005869
852 6.007034
853 6.004684
854 5.998830
855 6.001168
856 6.001167
857 6.032634
858 6.030268
859 6.024419
860 6.026713
861 6.020882
862 6.015064
863 6.010417
864 6.008092
865 6.002309
866 5.996540
867 6.001152
868 5.995397
869 5.997701
870 5.998852
871 5.993119
872 5.987400
873 5.985126
874 5.979429
875 5.980594
876 5.974914
877 5.969248
878 5.963595
879 5.965909
880 5.965948
881 5.965986
882 5.960362
883 5.972851
884 5.976271
885 5.970655
886 5.965051
887 5.960586
888 5.955006
889 5.949438
890 5.943883
891 5.938341
892 5.978723
893 5.980984
894 5.975419
895 5.989955
896 5.985507
897 5.979955
898 5.977753
899 5.972222
900 5.966704
901 6.012195
902 6.006645
903 6.001106
904 5.995580
905 5.995585
906 5.996692
907 5.991189
908 5.985699
909 5.983516
910 5.983535
911 5.987939
912 5.982475
913 5.977024
914 5.972678
915 6.036026
916 6.032715
917 6.030501
918 6.073993
919 6.069565
920 6.066232
921 6.068330
922 6.062839
923 6.060606
924 6.056216
925 6.050756
926 6.045307
927 6.071121
928 6.065662
929 6.060215
930 6.058002
931 6.052575
932 6.047160
933 6.041756
934 6.037433
935 6.034188
936 6.035219
937 6.049041
938 6.051118
939 6.046809
940 6.047821
941 6.042463
942 6.038176
943 6.032839
944 6.031746
945 6.027484
946 6.028511
947 6.023207
948 6.029505
949 6.035789
950 6.049422
951 6.044118
952 6.038825
953 6.034591
954 6.029319
955 6.024059
956 6.018809
957 6.058455
958 6.055266
959 6.066667
960 6.061394
961 6.056133
962 6.051921
963 6.047718
964 6.043523
965 6.045549
966 6.040331
967 6.035124
968 6.029928
969 6.024742
970 6.019567
971 6.014403
972 6.014388
973 6.009240
974 6.004103
975 6.012295
976 6.007165
977 6.008180
978 6.004086
979 5.998980
980 6.010194
981 6.005092
982 6.007121
983 6.006098
984 6.001015
985 5.995943
986 5.991895
987 5.988866
988 5.984833
989 5.979798
990 6.007064
991 6.002016
992 5.997986
993 5.997988
994 5.992965
995 5.987952
996 5.984955
997 5.979960
998 5.977978
999 5.978000
