0 1
0 2
1 3
1 4
1 5
1 6
1 7
1 8
1 9
1 10
1 11
1 12
1 13
1 15
1 16
1 18
1 19
1 20
1 21
1 22
1 23
1 25
1 26
1 27
1 28
1 29
1 30
27 31
27 32
27 33
27 35
27 36
27 37
27 40
27 41
27 42
27 43
27 44
27 45
27 46
27 47
27 48
9 49
9 50
9 51
2 52
2 53
2 54
2 55
2 56
2 57
2 58
2 59
3 4
3 5
3 6
3 7
3 8
3 25
3 26
3 13
3 10
59 1
16 3
16 4
16 5
16 6
16 7
16 8
16 25
16 26
49 51
4 5
4 6
4 7
4 8
4 25
4 26
4 15
31 33
31 34
31 35
31 36
31 44
31 45
31 46
31 47
31 48
31 1
31 43
50 51
5 6
5 7
5 8
5 25
5 26
5 19
5 18
5 20
32 31
32 33
32 34
32 35
32 36
32 43
32 44
32 45
32 46
32 47
32 48
6 7
6 8
6 25
6 26
33 34
33 35
33 36
33 43
33 44
33 45
33 46
33 47
33 48
7 8
7 25
7 26
7 22
7 21
7 19
7 18
34 35
34 36
34 43
34 44
34 45
34 46
34 47
34 48
35 36
35 1
35 43
35 44
35 45
35 46
35 47
35 48
8 25
8 26
10 4
10 5
10 6
10 7
10 8
10 25
10 26
36 23
36 43
11 59
12 59
38 39
13 4
13 5
13 6
13 7
13 8
13 25
13 26
15 5
15 6
15 7
15 8
15 25
15 26
17 14
17 24
18 3
18 4
18 6
18 8
18 25
18 26
18 19
18 22
43 1
43 30
43 44
43 45
43 46
43 47
43 48
44 36
44 3
44 45
44 46
44 47
44 48
20 3
20 4
20 6
20 7
20 8
20 25
20 26
45 36
45 46
45 47
45 48
46 36
46 47
46 48
22 3
22 4
22 5
22 6
22 8
22 25
22 26
22 19
22 21
47 36
47 1
47 48
23 18
23 21
23 30
48 36
25 26
25 28
25 19
26 28
28 3
28 4
28 5
28 6
28 7
28 8
28 27
29 3
29 4
29 5
29 6
29 7
29 8
29 25
29 26
29 28
