0 1
0 2
1 3
1 4
1 5
1 6
1 7
1 8
1 9
1 10
1 11
1 12
1 13
1 14
1 15
1 16
1 17
1 18
1 19
1 20
1 21
1 22
1 23
1 24
1 25
1 26
1 27
1 28
1 29
1 30
27 31
27 32
27 33
27 34
27 35
27 36
27 37
27 38
27 39
27 40
27 41
27 42
27 43
27 44
27 45
27 46
27 47
27 48
9 49
9 50
9 51
2 52
2 53
2 54
2 55
2 56
2 57
2 58
2 59
2 60
2 61
2 62
2 63
2 64
2 65
2 66
2 67
2 68
2 69
2 70
2 71
2 72
2 73
2 74
2 75
2 76
2 77
2 78
2 79
2 80
2 81
2 82
2 83
2 84
2 85
2 86
2 87
2 88
2 89
2 90
2 91
2 92
2 93
2 94
2 95
2 96
2 97
2 98
2 99
2 100
2 101
2 102
2 103
2 104
2 105
2 106
2 107
2 108
2 109
2 110
2 111
2 112
2 113
2 114
2 115
2 116
2 117
2 118
2 119
2 120
2 121
2 122
2 123
2 124
2 125
2 126
2 127
56 128
56 129
54 130
54 131
54 132
52 133
52 134
63 135
63 136
63 137
3 4
3 5
3 6
3 7
3 8
3 138
3 24
3 25
3 26
3 139
3 17
3 140
3 14
3 13
3 10
3 141
3 142
3 143
65 144
65 145
65 146
65 147
53 148
53 149
53 150
53 151
72 152
72 153
72 154
72 155
72 156
72 157
72 158
72 159
72 160
72 161
64 152
64 162
64 163
64 164
64 165
64 166
64 167
75 168
75 169
75 170
75 171
75 172
75 173
75 174
75 175
75 176
66 177
66 178
66 179
89 180
89 152
89 154
89 181
89 182
89 183
89 184
89 185
89 186
89 187
71 188
71 189
71 190
71 191
71 192
71 193
71 194
71 195
71 196
71 152
71 197
93 198
93 199
88 155
88 152
79 152
91 152
95 152
95 168
95 1
94 152
92 124
96 152
97 152
97 1
82 152
106 152
103 152
103 1
125 152
90 152
111 152
87 152
112 152
121 152
59 1
59 152
98 152
16 3
16 4
16 5
16 6
16 7
16 8
16 24
16 25
16 26
16 143
49 51
58 152
62 152
80 152
198 199
180 152
180 154
180 187
156 155
156 154
156 153
133 152
69 152
120 152
4 5
4 6
4 7
4 8
4 24
4 25
4 26
4 15
4 143
162 152
31 24
31 33
31 34
31 35
31 36
31 44
31 45
31 46
31 47
31 48
31 1
31 43
50 51
134 152
5 6
5 7
5 8
5 24
5 25
5 26
5 19
5 18
5 20
5 139
5 143
32 31
32 33
32 34
32 35
32 36
32 43
32 44
32 45
32 46
32 47
32 48
6 7
6 8
6 24
6 25
6 26
6 143
33 34
33 35
33 36
33 43
33 44
33 45
33 46
33 47
33 48
147 146
7 8
7 24
7 25
7 26
7 22
7 21
7 19
7 18
7 17
7 143
34 35
34 36
34 43
34 44
34 45
34 46
34 47
34 48
35 36
35 1
35 43
35 44
35 45
35 46
35 47
35 48
8 24
8 25
8 26
8 143
10 4
10 5
10 6
10 7
10 8
10 24
10 25
10 26
10 139
10 17
10 140
10 143
36 23
36 43
167 166
176 169
176 95
176 171
176 170
176 173
176 174
11 59
11 143
12 59
38 39
38 40
39 40
39 1
13 4
13 5
13 6
13 7
13 8
13 24
13 25
13 26
13 14
13 143
14 4
14 5
14 6
14 7
14 8
14 24
14 25
14 26
14 139
14 17
14 140
14 143
15 3
15 5
15 6
15 7
15 8
15 24
15 25
15 26
15 143
17 4
17 5
17 6
17 8
17 24
17 25
17 26
17 139
17 140
17 142
17 143
18 3
18 4
18 6
18 8
18 24
18 25
18 26
18 19
18 22
18 143
43 24
43 1
43 30
43 44
43 45
43 46
43 47
43 48
44 36
44 3
44 45
44 46
44 47
44 48
20 3
20 4
20 6
20 7
20 8
20 24
20 25
20 26
20 143
45 36
45 46
45 47
45 48
46 36
46 47
46 48
22 3
22 4
22 5
22 6
22 143
22 8
22 24
22 25
22 26
22 19
22 21
47 36
47 1
47 48
23 138
23 18
23 21
23 143
23 30
48 36
24 25
24 26
24 28
25 26
25 28
25 139
25 140
25 19
25 143
26 28
26 143
28 3
28 4
28 5
28 6
28 7
28 8
28 27
28 143
29 3
29 4
29 5
29 6
29 7
29 8
29 24
29 25
29 26
29 28
29 143
139 4
139 6
139 7
139 8
139 24
139 26
139 140
139 13
139 143
140 4
140 5
140 6
140 7
140 8
140 24
140 26
140 9
140 143
141 4
141 5
141 6
141 7
141 8
141 24
141 25
141 26
141 14
141 143
142 4
142 5
142 6
142 7
142 8
142 24
142 25
142 26
142 139
142 140
142 143
